1 30 30
2 44 47
3 57 78
4 79 114
5 107 175
6 126 262
7 154 399
8 179 540
9 170 619
10 166 756
11 139 744
12 116 763
13 114 784
14 94 751
15 79 727
16 79 607
17 72 589
18 71 527
19 80 451
20 84 413
21 91 382
22 103 335
23 121 351
24 127 314
25 142 296
26 166 336
27 197 334
28 201 363
29 238 421
30 248 479
31 281 560
32 306 647
33 302 718
34 304 814
35 294 867
36 281 887
37 237 908
38 185 1005
39 133 1135
40 82 1152
41 51 1112
42 34 990
43 25 835
44 20 705
45 18 551
46 16 439
47 17 370
48 26 255
49 34 230
50 40 194
51 46 174
52 54 164
53 63 165
54 72 138
55 84 168
56 105 175
57 126 157
58 154 162
59 203 196
60 259 214
61 338 290
62 376 337
63 452 402
64 497 511
65 529 631
66 565 791
67 537 970
68 429 1140
69 322 1411
70 238 1632
71 154 1857
72 79 2022
73 25 1931
74 11 1656
75 8 1344
76 6 1169
77 2 858
78 1 606
79 1 396
80 2 195
81 2 113
82 3 54
83 4 35
84 6 13
85 7 6
86 9 4
87 13 5
88 19 3
89 32 5
90 44 4
